Experiment "H0": [rej.rate] ± [rej.std] (avg.time)
KCI: 0.07500 ± 0.00833 (0.02393s)
 CP: 0.12400 ± 0.01042 (1.52428s)

Experiment "H1": [rej.rate] ± [rej.std] (avg.time)
KCI: 1.00000 ± 0.00000 (0.02343s)
 CP: 0.75300 ± 0.01364 (1.51991s)

